camera_matrix: !!opencv-matrix
   rows: 3
   cols: 3
   dt: d
   data: [ 2.7635170775174456e+03, 0., 1.3197504989063445e+03, 0.,
       2.9014698346848531e+03, 5.4491222938103056e+02, 0., 0., 1. ]

dist_coeffs: !!opencv-matrix
   rows: 5
   cols: 1
   dt: d
   data: [ -2.8963326885407672e+00, 2.3781514536572819e+00,
       -4.9969109028724689e-04, -2.5724434261878854e-01,
       1.3935552054276106e+00 ]
